132.0, 170.0, 0
132.13825000000003, 170.22473, 0
132.25054999999998, 170.478365, 0
132.33245, 170.75786, 0
132.3798, 171.05955, 0
132.3888, 171.379165, 0
132.35625, 171.71193, 0
129.52960000000002, 174.47534, 0
129.03044999999997, 174.56143, 0
128.50824999999998, 174.59123, 0
127.96935000000002, 174.560885, 0
127.42084999999997, 174.46725, 0
126.87004999999999, 174.308015, 0
126.32479999999998, 174.081725, 0
125.79318, 173.78784, 0
125.28345000000002, 173.42679, 0
124.80383499999999, 173.0, 0
124.36266999999998, 172.5099, 0
123.96792499999998, 171.95995, 0
123.62738000000002, 171.35455, 0
123.3483, 170.699125, 0
123.13749999999999, 170.0, 0
123.00105000000002, 169.26439, 0
122.944275, 168.500275, 0
122.97167999999999, 167.71637, 0
123.08672999999999, 166.92203, 0
123.2919, 166.12709, 0
123.58852999999999, 165.34181, 0
123.97680000000003, 164.5767, 0
124.45569999999998, 163.84244, 0
125.02292, 163.14966, 0
125.67500000000001, 162.5089, 0
126.40715, 161.93036, 0
127.21339999999998, 161.42386, 0
128.08667000000003, 160.9986, 0
129.018615, 160.6631, 0
129.99997000000002, 160.425, 0
131.02044999999998, 160.290985, 0
132.06885, 160.266615, 0
133.133425, 160.356275, 0
134.20155, 160.563065, 0
135.260375, 160.88867, 0
136.29663, 161.33339, 0
137.29685, 161.89598, 0
138.24761999999998, 162.57373, 0
139.13580000000002, 163.3624, 0
139.948425, 164.25621, 0
140.67322000000001, 165.24791, 0
141.29852499999998, 166.328825, 0
141.81357000000003, 167.48889, 0
142.2086, 168.716765, 0
142.47500000000002, 169.99994, 0
142.60559999999998, 171.32485, 0
142.59447999999998, 172.67697, 0
142.43747000000002, 174.0411, 0
142.13189999999997, 175.4014, 0
141.67694999999998, 176.74161, 0
141.07344999999998, 178.04525, 0
140.32420000000002, 179.295835, 0
139.4337, 180.47705, 0
138.408325, 181.572935, 0
137.25631499999997, 182.56815, 0
135.98757999999998, 183.44812, 0
134.6137, 184.19925, 0
133.1479, 184.80915, 0
131.604675, 185.266725, 0
130.00009999999997, 185.5625, 0
128.35116499999998, 185.6886, 0
126.67593499999998, 185.638975, 0
124.99324999999999, 185.40953, 0
123.32247999999998, 184.99817, 0
121.6834, 184.40494, 0
120.09589999999997, 183.63199, 0
118.57968, 182.683685, 0
117.15417500000001, 181.56655, 0
115.83819999999997, 180.28925, 0
114.64972, 178.862565, 0
113.60568, 177.299285, 0
112.72167999999999, 175.61412, 0
112.01186999999999, 173.82355, 0
111.48865, 171.945665, 0
111.16250000000002, 170.00003, 0
111.04192999999998, 168.00746, 0
111.13315, 165.98975, 0
111.44012500000002, 163.96955, 0
111.96432499999997, 161.97, 0
112.70474999999999, 160.014585, 0
113.65786500000002, 158.12674, 0
114.817565, 156.32965, 0
116.17523, 154.646, 0
117.71972499999998, 153.0976, 0
119.43752999999998, 151.7052, 0
121.31279999999998, 150.488175, 0
123.32760000000002, 149.4643, 0
125.46185000000003, 148.649475, 0
127.69381499999997, 148.057525, 0
130.00005, 147.7, 0
132.35590000000002, 147.58597, 0
134.735475, 147.7219, 0
137.11212, 148.111465, 0
139.45877000000002, 148.75554, 0
141.74804999999998, 149.65207, 0
143.95266500000002, 150.796035, 0
146.04586999999998, 152.179475, 0
148.00155, 153.791535, 0
149.79475000000002, 155.6185, 0
151.40173499999997, 157.6439, 0
152.80065000000002, 159.8487, 0
153.97145, 162.21141, 0
154.89634999999998, 164.70833, 0
155.56005, 167.31375, 0
155.95, 170.00023, 0
156.05644999999998, 172.73889, 0
155.87277, 175.4997, 0
155.39550000000003, 178.251785, 0
154.6245, 180.963835, 0
153.56295, 183.604415, 0
152.21747, 186.1423, 0
150.59789999999998, 188.546875, 0
148.7176, 190.788465, 0
146.5929, 192.83876, 0
144.24345, 194.67108, 0
141.69164999999998, 196.260775, 0
138.962675, 197.58551, 0
136.08416499999998, 198.62558, 0
133.085875, 199.364135, 0
129.999575, 199.7875, 0
126.85849999999999, 199.88535, 0
123.69704999999999, 199.65082, 0
120.55059999999997, 199.0808, 0
117.45477499999998, 198.175825, 0
114.4454, 196.94035, 0
111.55779999999999, 195.3826, 0
108.82663000000002, 193.5146, 0
106.28525000000002, 191.35211, 0
103.96549999999999, 188.914475, 0
101.89718500000001, 186.2245, 0
100.10779, 183.30821, 0
98.62207000000001, 180.19465, 0
97.46179000000001, 176.91556, 0
96.64532500000001, 173.505065, 0
96.1875, 169.99933, 0
96.0993, 166.4362, 0
96.38772499999999, 162.854765, 0
97.0556, 159.295, 0
98.10155, 155.79715, 0
99.519835, 152.4015, 0
101.30049, 149.1478, 0
103.42927499999999, 146.07477, 0
105.88776999999999, 143.21974, 0
108.65359999999998, 140.618165, 0
111.70049999999998, 138.303175, 0
114.99871999999999, 136.30516, 0
118.51515, 134.65143, 0
122.213685, 133.365815, 0
126.05579999999998, 132.46834, 0
172.67649999999998, 179.07147, 0
172.43628, 181.3711, 0
172.07226500000002, 183.67047, 0
171.58384999999998, 185.96295, 0
170.970825, 188.241835, 0
170.23321499999997, 190.500335, 0
169.37144999999998, 192.73166, 0
168.38638500000002, 194.929015, 0
167.279175, 197.085585, 0
166.05145, 199.194625, 0
164.70508, 201.24942, 0
163.24239999999998, 203.243315, 0
161.66609999999997, 205.169785, 0
159.97922, 207.022385, 0
158.18518, 208.79483, 0
156.28771999999998, 210.48095, 0
154.29095, 212.074815, 0
152.19937, 213.57062, 0
150.01772999999997, 214.9628, 0
147.75115, 216.246035, 0
145.4051, 217.41522, 0
142.98525, 218.46559, 0
140.49761999999998, 219.39260000000002, 0
137.948515, 220.19201500000003, 0
135.34445, 220.86, 0
132.6922, 221.39288499999998, 0
129.99878, 221.78750000000002, 0
127.27134999999998, 222.04101500000002, 0
124.51740000000001, 222.15095000000002, 0
121.74439999999998, 222.11517500000002, 0
118.96008499999999, 221.93200000000002, 0
116.1723, 221.60019999999997, 0
113.388915, 221.11885, 0
110.61804999999998, 220.4875, 0
107.86767500000002, 219.70614999999998, 0
105.14598000000001, 218.77519, 0
102.46106, 217.695525, 0
99.82103000000001, 216.468415, 0
97.23396500000001, 215.09561, 0
94.707885, 213.57927, 0
92.25073, 211.92205, 0
89.87035, 210.12697, 0
87.57441499999999, 208.19755, 0
85.370485, 206.1377, 0
83.26593, 203.951765, 0
81.2679, 201.6445, 0
79.38335000000001, 199.22107, 0
77.61895000000001, 196.68701, 0
75.98114000000001, 194.04828, 0
74.47603000000001, 191.31119, 0
73.10943499999999, 188.48239, 0
71.88685000000001, 185.56888, 0
70.8134, 182.57799, 0
69.89383000000001, 179.517335, 0
69.1325, 176.39485, 0
68.53336999999999, 173.2187, 0
68.09998999999999, 169.997315, 0
67.83545000000001, 166.73935, 0
67.74238500000001, 163.45366, 0
67.82298499999999, 160.14925, 0
68.07896500000001, 156.83531, 0
68.51153500000001, 153.52115, 0
69.12143, 150.21617, 0
69.90886, 146.92987, 0
70.87356500000001, 143.67177, 0
72.01473999999999, 140.45145, 0
73.331085, 137.278425, 0
74.82077000000001, 134.16223, 0
76.48147499999999, 131.11232, 0
78.31030000000001, 128.13806, 0
80.30391, 125.24871999999999, 0
82.45843500000001, 122.45337, 0
84.76947000000001, 119.76096999999999, 0
87.23216, 117.18023500000001, 0
89.84114, 114.71966499999999, 0
92.59058999999999, 112.38752500000001, 0
95.47421499999999, 110.19176999999999, 0
98.48523, 108.14006, 0
101.61651499999999, 106.23973000000001, 0
104.86043000000001, 104.49774, 0
108.20898499999998, 102.92068499999999, 0
111.65379999999999, 101.51474999999999, 0
115.18615, 100.28569999999999, 0
118.796965, 99.23885000000001, 0
122.47680000000003, 98.37903, 0
126.21600000000001, 97.71063000000001, 0
130.00457999999998, 97.23749000000001, 0
133.83236499999998, 96.962965, 0
137.68893500000001, 96.88986, 0
141.56369999999998, 97.02045000000001, 0
145.44585, 97.356415, 0
149.324525, 97.89892499999999, 0
153.18878, 98.64853, 0
157.02749999999997, 99.6052, 0
160.82960000000003, 100.76828, 0
164.58398499999998, 102.13662500000001, 0
168.27960000000002, 103.70840000000001, 0
171.90542499999998, 105.4812, 0
175.45053000000001, 107.45204000000001, 0
178.904085, 109.61731, 0
182.25549999999998, 111.972825, 0
185.49425000000002, 114.513825, 0
188.61014999999998, 117.234985, 0
191.59317, 120.13040000000001, 0
194.433625, 123.1936, 0
197.1221, 126.4176, 0
199.64954999999998, 129.79489, 0
202.0073, 133.317415, 0
204.187, 136.976685, 0
206.1809, 140.76372, 0
207.98149999999998, 144.669065, 0
209.58190000000002, 148.68286, 0
210.97570000000002, 152.79486, 0
212.15697999999998, 156.994415, 0
213.12034999999997, 161.27054, 0
213.86110000000002, 165.611925, 0
214.375, 170.006975, 0
214.65845000000002, 174.44383, 0
214.70850000000002, 178.910415, 0
214.522765, 183.394425, 0
214.0996, 187.883425, 0
213.438, 192.36482, 0
212.53750000000002, 196.82596, 0
211.3985, 201.2541, 0
210.02190000000002, 205.63649, 0
208.40949999999998, 209.96039, 0
208.40949999999998, 220.016325, 1
208.71665000000002, 220.195985, 1
209.05651999999998, 220.73102, 1
209.46081500000003, 221.61016999999998, 1
209.95945, 222.81470000000002, 1
210.57960000000003, 224.31894999999997, 1
211.34474999999998, 226.09097500000001, 1
212.27435000000003, 228.09314999999998, 1
213.38272, 230.28285, 1
214.678925, 232.61352499999998, 1
216.1662, 235.03570000000002, 1
217.84175, 237.497835, 1
219.69675, 239.94756999999998, 1
221.7163, 242.332825, 1
223.87982, 244.60275000000001, 1
226.16107, 246.70898499999998, 1
228.52904999999998, 248.60649999999998, 1
230.9484, 250.25457999999998, 1
233.38010000000003, 251.61767500000002, 1
235.78247, 252.66604999999998, 1
238.11196999999999, 253.3764, 1
240.32422000000003, 253.73233, 1
242.37505, 253.72455000000002, 1
244.22134999999997, 253.35105, 1
245.82226500000002, 252.61706500000003, 1
247.1402, 251.53497499999997, 1
248.1415, 250.12372, 1
248.797575, 248.40857, 1
249.08544999999998, 246.42039999999997, 1
248.98860000000002, 244.195, 1
248.49713000000003, 241.77203500000002, 1
247.60854999999998, 239.19439999999997, 1
246.32765, 236.50709999999998, 1
244.6667, 233.7563, 1
242.645325, 230.98809999999997, 1
240.29021999999998, 228.247835, 1
237.6347, 225.57875, 1
234.71825, 223.02118000000002, 1
231.58565, 220.61181499999998, 1
228.28625, 218.38283, 1
224.873, 216.36107, 1
221.40143, 214.56778, 1
217.92877, 213.018035, 1
214.5124, 211.72058, 1
211.20916499999998, 210.67765, 1
208.07405, 209.885085, 1
205.15895, 209.33255, 1
202.51190000000003, 209.003815, 1
200.176, 208.87729, 1
198.18855000000002, 208.926635, 1
196.58022999999997, 209.1215, 1
195.37470000000002, 209.428315, 1
194.5879, 209.81114, 1
194.22785, 210.23274, 1
194.29461500000002, 210.65544, 1
194.78012, 211.04213, 1
195.66852, 211.357285, 1
196.93644999999998, 211.56785, 1
198.55354999999997, 211.644135, 1
200.48315000000002, 211.56056, 1
202.68292000000002, 211.2964, 1
205.10602, 210.836365, 1
207.70177999999999, 210.17096, 1
210.41699999999997, 209.29689, 1
213.19684999999998, 208.2172, 1
215.98615, 206.941175, 1
218.73047000000003, 205.48436, 1
221.37705, 203.86815, 1
223.87615, 202.11935, 1
226.18189999999998, 200.269685, 1
228.25304999999997, 198.354965, 1
230.05395, 196.41445, 1
231.5552, 194.489775, 1
232.73405000000002, 192.62416, 1
233.57477, 190.86128, 1
234.0691, 189.24431, 1
234.21588000000003, 187.814835, 1
234.02140000000003, 186.611875, 1
233.49872, 185.670975, 1
232.66757, 185.0232, 1
231.55360000000002, 184.694365, 1
230.187775, 184.70447, 1
228.60559999999998, 185.06694, 1
226.84613000000002, 185.788285, 1
224.9511, 186.86785, 1
222.96402, 188.297575, 1
220.9289, 190.0622, 1
218.88940000000002, 192.13928, 1
216.88774999999998, 194.499635, 1
214.96393, 197.107835, 1
213.15454999999997, 199.922865, 1
211.49206500000003, 202.898835, 1
210.0043, 205.9859, 1
208.71362499999998, 209.13124, 1
207.63664999999997, 212.28012, 1
206.78372000000002, 215.37689, 1
206.159, 218.36624, 1
205.76024999999998, 221.19425, 1
205.57913000000002, 223.80945000000003, 1
205.6014, 226.164, 1
205.80737499999998, 228.21447999999998, 1
206.17245000000003, 229.92303500000003, 1
206.66785, 231.25795, 1
207.2613, 232.19439999999997, 1
207.91803, 232.7149, 1
208.60153000000003, 232.80975, 1
209.27465, 232.477175, 1
209.90050000000002, 231.72345, 1
210.44342, 230.56261999999998, 1
210.86987499999998, 229.0163, 1
211.14954999999998, 227.11329999999998, 1
211.25585, 224.88889999999998, 1
211.16687000000002, 222.3841, 1
210.8659, 219.64495, 1
210.34197999999998, 216.721435, 1
209.59015, 213.66652, 1
208.61174999999997, 210.53505, 1
207.41442999999998, 207.38266, 1
206.01205, 204.26462, 1
204.42455, 201.234725, 1
202.67737, 198.34425, 1
200.80095, 195.640915, 1
198.83035, 193.168, 1
196.80405000000002, 190.96347, 1
194.76336500000002, 189.05931, 1
192.75152500000002, 187.48097, 1
190.81252999999998, 186.246935, 1
188.99017500000002, 185.36841, 1
187.32711999999998, 184.84929, 1
185.8637, 184.6862, 1
184.63715000000002, 184.8687, 1
183.68048, 185.37961, 1
183.02179999999998, 186.19562, 1
182.68347, 187.287825, 1
182.68165, 188.62259, 1
183.02550000000002, 190.162275, 1
183.71730000000002, 191.86632, 1
184.75177000000002, 193.69208, 1
186.116575, 195.596, 1
187.79192999999998, 197.534515, 1
189.751375, 199.465165, 1
191.96185000000003, 201.34752, 1
194.38452, 203.14415, 1
196.975435, 204.82144, 1
199.6864, 206.350325, 1
202.46588000000003, 207.70697, 1
205.26006999999998, 208.873215, 1
208.013915, 209.83699, 1
210.67235, 210.592485, 1
213.18127500000003, 211.140215, 1
215.48877, 211.48697, 1
217.54615, 211.64554, 1
219.30901999999998, 211.63434, 1
220.73813, 211.47685, 1
221.80023, 211.201065, 1
222.4688, 210.83865, 1
222.7246, 210.42418, 1
222.55618500000003, 209.99417, 1
221.9599, 209.586135, 1
220.94036999999997, 209.23765, 1
219.51, 208.985335, 1
217.68914999999998, 208.86392, 1
215.50545, 208.90525, 1
212.9934, 209.13755, 1
210.1936, 209.584565, 1
207.152, 210.26494, 1
203.918975, 211.19165, 1
200.54827999999998, 212.371615, 1
197.09598, 213.80542, 1
193.61944999999997, 215.487165, 1
190.17604999999998, 217.40455, 1
186.8222, 219.539, 1
183.6121, 221.86604999999997, 1
180.59679999999997, 224.3558, 1
177.82317999999998, 226.9735, 1
175.33319999999998, 229.6803, 1
173.16285, 232.43401999999998, 1
171.34179999999998, 235.19027499999999, 1
169.89281999999997, 237.9031, 1
168.83148, 240.52625, 1
168.1658, 243.01407, 1
167.89642500000002, 245.3227, 1
168.016725, 247.41082999999998, 1
168.51299999999998, 249.24085000000002, 1
169.365, 250.77974999999998, 1
170.54649999999998, 251.99970000000002, 1
172.026, 252.87885, 1
173.767515, 253.40191499999997, 1
175.7314, 253.56054999999998, 1
177.87552, 253.35354999999998, 1
180.155975, 252.78701999999998, 1
182.52832, 251.87427000000002, 1
184.948515, 250.63562000000002, 1
187.37394999999998, 249.09808500000003, 1
189.7643, 247.29475000000002, 1
192.08252, 245.26414999999997, 1
194.29559999999998, 243.04955, 1
196.37505, 240.69799999999998, 1
198.29784999999998, 238.25940000000003, 1
200.04649999999998, 235.78545000000003, 1
201.60950000000003, 233.32852000000003, 1
202.98132500000003, 230.94065, 1
204.16271999999998, 228.67239999999998, 1
205.1601, 226.571775, 1
205.98553500000003, 224.68322999999998, 1
206.65636999999998, 223.0467, 1
207.194275, 221.69671499999998, 1
207.625, 220.661925, 1
207.977325, 219.96402, 1
208.28224999999998, 219.6177, 1
245.030885, 466.2378, 1
245.33800000000002, 466.41742, 1
245.67790000000002, 466.9525, 1
246.08218499999998, 467.831635, 1
246.5808, 469.036135, 1
247.20094999999998, 470.5404, 1
247.96612499999998, 472.31245, 1
248.89571999999998, 474.3146, 1
250.0041, 476.50424999999996, 1
251.3003, 478.83495000000005, 1
252.78756499999997, 481.2572, 1
254.46314999999998, 483.7193, 1
256.3181, 486.16904999999997, 1
258.3377, 488.55425, 1
260.5012, 490.8242, 1
262.78247, 492.93039999999996, 1
265.15045, 494.828, 1
267.56975, 496.47605, 1
270.00145, 497.83910000000003, 1
272.40385, 498.88750000000005, 1
274.73337, 499.5979, 1
276.94562, 499.9538, 1
278.99643, 499.94605, 1
280.8427, 499.5725, 1
282.44365, 498.83855000000005, 1
283.7616, 497.75649999999996, 1
284.76288, 496.3452, 1
285.41895, 494.63005, 1
285.70685, 492.64189999999996, 1
285.60995, 490.41645000000005, 1
285.11853, 487.99345000000005, 1
284.22992, 485.41585, 1
282.94905, 482.72860000000003, 1
281.2881, 479.9778, 1
279.266725, 477.2096, 1
276.91162, 474.4693, 1
274.2561, 471.80017, 1
271.33965, 469.24265, 1
268.20705, 466.8333, 1
264.907625, 464.60428, 1
261.49435, 462.58255, 1
258.022825, 460.78925, 1
254.55014999999997, 459.2395, 1
251.1338, 457.94205, 1
247.83056499999998, 456.8991, 1
244.6954, 456.106565, 1
241.7803, 455.554015, 1
239.13326999999998, 455.22528, 1
236.79735, 455.09875, 1
234.80995000000001, 455.1481, 1
233.20159999999998, 455.343, 1
231.99605000000003, 455.64978, 1
231.20925, 456.032625, 1
230.8492, 456.454225, 1
230.916, 456.8769, 1
231.4015, 457.2636, 1
232.289915, 457.578765, 1
233.55784999999997, 457.78935, 1
235.17492499999997, 457.8656, 1
237.10452500000002, 457.782, 1
239.30432000000002, 457.517885, 1
241.727415, 457.05783, 1
244.32317999999998, 456.392425, 1
247.03840000000002, 455.51837, 1
249.81824999999998, 454.43865, 1
252.60755, 453.16263, 1
255.35185, 451.70585, 1
257.99845, 450.0896, 1
260.49755, 448.34082, 1
262.803285, 446.49115, 1
264.87442, 444.57645, 1
266.675325, 442.635925, 1
268.176575, 440.71125, 1
269.3554, 438.84565, 1
270.196165, 437.08275, 1
270.69045, 435.46575, 1
270.83728, 434.0363, 1
270.64275, 432.83335, 1
270.1201, 431.89245, 1
269.28895, 431.24465, 1
268.175, 430.915835, 1
266.809175, 430.925935, 1
265.227, 431.2884, 1
263.4675, 432.009765, 1
261.5725, 433.0893, 1
259.58542, 434.51905, 1
257.55025, 436.28365, 1
255.51077500000002, 438.36075, 1
253.50914999999998, 440.7211, 1
251.585325, 443.3293, 1
249.77589999999998, 446.14435, 1
248.11343499999998, 449.1203, 1
246.62567, 452.207365, 1
245.33502, 455.35272, 1
244.25802499999998, 458.5016, 1
243.4051, 461.59835, 1
242.78035, 464.5877, 1
242.38162, 467.4157, 1
242.20049999999998, 470.0309, 1
242.22278, 472.38545, 1
242.42877, 474.43595, 1
242.79382500000003, 476.14455, 1
243.28924999999998, 477.47945000000004, 1
243.8827, 478.41589999999997, 1
244.5394, 478.93640000000005, 1
245.22289999999998, 479.0312, 1
245.89605, 478.69860000000006, 1
246.52190000000002, 477.94494999999995, 1
247.0648, 476.78405, 1
247.49127, 475.2378, 1
247.77095000000003, 473.33478, 1
247.87723, 471.11035, 1
247.78827, 468.60555, 1
247.4873, 465.866425, 1
246.96337999999997, 462.9429, 1
246.21155, 459.88797, 1
245.23312499999997, 456.75653, 1
244.0358, 453.604125, 1
242.633425, 450.486085, 1
241.04593, 447.456175, 1
239.29874999999998, 444.5657, 1
237.42235, 441.862365, 1
235.45172000000002, 439.389465, 1
233.42540000000002, 437.18495, 1
231.38476500000002, 435.28075, 1
229.372925, 433.70245, 1
227.4339, 432.468385, 1
225.61156999999997, 431.589875, 1
223.94850000000002, 431.07077, 1
222.4851, 430.907685, 1
221.25855, 431.09015, 1
220.30187999999998, 431.601075, 1
219.64319999999998, 432.417085, 1
219.30487, 433.5093, 1
219.303, 434.84405, 1
219.64688, 436.38373, 1
220.33864999999997, 438.08777, 1
221.37317000000002, 439.91355, 1
222.73795, 441.817475, 1
224.41332999999997, 443.75598, 1
226.37275, 445.6866, 1
228.58321999999998, 447.569, 1
231.0059, 449.36563, 1
233.59679999999997, 451.0429, 1
236.3078, 452.571775, 1
239.08728000000002, 453.92845, 1
241.88146999999998, 455.0947, 1
244.63529999999997, 456.05847, 1
247.29372999999998, 456.813935, 1
249.80267500000002, 457.3617, 1
252.11016999999998, 457.70845, 1
254.16755, 457.867, 1
255.93042000000003, 457.8558, 1
257.35953, 457.6983, 1
258.4216, 457.42255, 1
259.09018, 457.06012, 1
259.346, 456.64565, 1
259.17755, 456.21565, 1
258.5813, 455.8076, 1
257.56175, 455.4591, 1
256.13138, 455.20682, 1
254.31054999999998, 455.0854, 1
252.12682999999998, 455.1267, 1
249.6148, 455.359, 1
246.815, 455.80603, 1
243.773375, 456.4864, 1
240.54035, 457.413115, 1
237.16965, 458.59308, 1
233.71735, 460.0269, 1
230.24079999999998, 461.70865, 1
226.79742499999998, 463.626, 1
223.443575, 465.76047, 1
220.23345, 468.087525, 1
217.21817, 470.57727, 1
214.44457999999997, 473.19495, 1
211.95454999999998, 475.90175, 1
209.7842, 478.65549999999996, 1
207.96319999999997, 481.41175, 1
206.51422000000002, 484.12455, 1
205.45288, 486.7477, 1
204.78717, 489.23555, 1
204.51781999999997, 491.54414999999995, 1
204.6381, 493.63225, 1
205.13437, 495.46235, 1
205.98635000000002, 497.00120000000004, 1
207.16787499999998, 498.22119999999995, 1
208.6474, 499.10035000000005, 1
210.38889999999998, 499.62339999999995, 1
212.35278499999998, 499.78200000000004, 1
214.49689999999998, 499.57500000000005, 1
216.77735, 499.0085, 1
219.14972, 498.09569999999997, 1
221.56990000000002, 496.85704999999996, 1
223.99533000000002, 495.31960000000004, 1
226.38567999999998, 493.51625, 1
228.70391999999998, 491.4856, 1
230.91694999999999, 489.27099999999996, 1
232.99644999999998, 486.91949999999997, 1
234.91924999999998, 484.4809, 1
236.66789999999997, 482.00694999999996, 1
238.230865, 479.54999999999995, 1
239.60271999999998, 477.1621, 1
240.78410000000002, 474.89385, 1
241.78145, 472.79325, 1
242.60693500000002, 470.90465, 1
243.27775000000003, 469.268125, 1
243.815675, 467.9182, 1
244.2464, 466.8834, 1
244.5987, 466.1855, 1
244.90362499999998, 465.83917, 1
364.0, 154.0, 0
364.1382, 154.22473, 0
364.25055, 154.478365, 0
364.33245, 154.75786, 0
364.37974999999994, 155.05955, 0
364.38879999999995, 155.379165, 0
364.35625000000005, 155.71193, 0
364.27959999999996, 156.05255, 0
364.15684999999996, 156.3954, 0
363.98670000000004, 156.73448, 0
363.76874999999995, 157.06357, 0
363.50325, 157.37631, 0
363.19129999999996, 157.66632, 0
362.8348, 157.92726, 0
362.4365, 158.15295, 0
362.0, 158.3375, 0
361.529635, 158.47534, 0
361.030425, 158.56143, 0
360.5082, 158.59123, 0
359.96935, 158.560885, 0
359.42085, 158.46725, 0
358.87005, 158.308015, 0
358.3248, 158.081725, 0
357.79318, 157.78784, 0
357.28345, 157.42679, 0
356.80385, 157.0, 0
356.36267, 156.5099, 0
355.967925, 155.95995, 0
355.62738, 155.35455, 0
355.3483, 154.699125, 0
355.1375, 154.0, 0
355.00105, 153.26439, 0
354.9443, 152.500275, 0
354.97168, 151.71637, 0
355.08673, 150.92203, 0
355.2919, 150.12709, 0
355.58853, 149.34181, 0
355.9768, 148.5767, 0
356.4557, 147.84244, 0
357.02292, 147.14966, 0
357.675, 146.5089, 0
358.40715, 145.93036, 0
359.2134, 145.42386, 0
360.08667, 144.9986, 0
361.018615, 144.6631, 0
361.99997, 144.425, 0
363.0204, 144.290985, 0
364.06885, 144.266615, 0
365.13340000000005, 144.356275, 0
366.20155, 144.563065, 0
367.2604, 144.88867, 0
368.29665, 145.33339, 0
369.29690000000005, 145.89598, 0
370.2477, 146.57373, 0
371.1358, 147.3624, 0
371.94849999999997, 148.25621, 0
372.67319999999995, 149.24791, 0
373.2985, 150.328825, 0
373.81359999999995, 151.48889, 0
374.20860000000005, 152.716765, 0
374.475, 153.99994, 0
374.6056, 155.32485, 0
374.59450000000004, 156.67697, 0
374.4375, 158.0411, 0
374.1319, 159.4014, 0
373.67695000000003, 160.74161, 0
373.07349999999997, 162.04525, 0
372.3242, 163.295835, 0
371.43370000000004, 164.47705, 0
370.40835000000004, 165.572935, 0
369.25635, 166.56815, 0
367.98755000000006, 167.44812, 0
366.6137, 168.19925, 0
365.14790000000005, 168.80915, 0
363.60474999999997, 169.266725, 0
362.0001, 169.5625, 0
360.351165, 169.6886, 0
358.675935, 169.638975, 0
356.99325, 169.40953, 0
355.32248, 168.99817, 0
353.6834, 168.40494, 0
352.0959, 167.63199, 0
350.57968, 166.683685, 0
349.154175, 165.56655, 0
347.8382, 164.28925, 0
346.64972, 162.862565, 0
345.60568, 161.299285, 0
344.7217, 159.61412, 0
344.01187, 157.82355, 0
343.48865, 155.945665, 0
343.1625, 154.00003, 0
343.04193, 152.00746, 0
343.13315, 149.98975, 0
343.440125, 147.96955, 0
343.964325, 145.97, 0
344.70475, 144.014585, 0
345.657865, 142.12674, 0
346.817565, 140.32965, 0
348.17523, 138.646, 0
349.719725, 137.0976, 0
351.43753, 135.7052, 0
353.31285, 134.488175, 0
355.3276, 133.4643, 0
357.46185, 132.649475, 0
359.693815, 132.057525, 0
362.0001, 131.7, 0
364.3559, 131.58597, 0
366.7355, 131.7219, 0
369.11210000000005, 132.111465, 0
371.45875, 132.75554, 0
373.74805000000003, 133.65207, 0
375.95264999999995, 134.796035, 0
378.04589999999996, 136.179475, 0
380.00160000000005, 137.791535, 0
381.79475, 139.6185, 0
383.40175, 141.6439, 0
384.80065, 143.8487, 0
385.97145, 146.21141, 0
386.89635, 148.70833, 0
387.56005000000005, 151.31375, 0
387.95000000000005, 154.00023, 0
388.05645000000004, 156.73889, 0
387.8728, 159.4997, 0
387.39549999999997, 162.251785, 0
386.6245, 164.963835, 0
385.563, 167.604415, 0
384.21745, 170.1423, 0
382.5979, 172.546875, 0
380.7175, 174.788465, 0
378.5929, 176.83876, 0
376.24339999999995, 178.67108, 0
373.69165, 180.260775, 0
370.96265000000005, 181.58551, 0
368.08410000000003, 182.62558, 0
365.08590000000004, 183.364135, 0
361.999575, 183.7875, 0
358.8585, 183.88535, 0
355.69705, 183.65082, 0
309.61895, 180.68701, 0
307.98115, 178.04828, 0
306.47605, 175.31119, 0
305.10945, 172.48239, 0
303.88687, 169.56888, 0
302.813415, 166.57799, 0
301.89383, 163.517335, 0
301.1325, 160.39485, 0
300.5334, 157.2187, 0
300.099975, 153.997315, 0
299.83545, 150.73935, 0
299.74237, 147.45366, 0
299.823, 144.14925, 0
300.07898, 140.83531, 0
300.51155, 137.52115, 0
301.12143, 134.21617, 0
301.908875, 130.92987, 0
302.873565, 127.671785, 0
304.01475, 124.45145, 0
305.3311, 121.278425, 0
306.82077, 118.16223, 0
308.481475, 115.11232000000001, 0
310.3103, 112.13806, 0
312.303925, 109.24871999999999, 0
314.45845, 106.45337, 0
316.76947, 103.76096999999999, 0
319.23215, 101.18023500000001, 0
321.84115, 98.71966499999999, 0
324.5906, 96.38752500000001, 0
327.4742, 94.19176999999999, 0
330.48523, 92.14006, 0
333.616515, 90.23973, 0
336.86045, 88.49774, 0
340.208985, 86.92069, 0
343.6538, 85.514755, 0
347.18615, 84.2857, 0
350.796965, 83.238845, 0
354.4768, 82.379035, 0
358.216, 81.710625, 0
358.216, 91.76657, 1
358.52315, 91.9462, 1
358.863, 92.48127500000001, 1
359.267335, 93.36041499999999, 1
359.76595, 94.56491, 1
360.38608, 96.069185, 1
361.151275, 97.841215, 1
362.08085000000005, 99.84337, 1
363.1892, 102.033065, 1
364.4855, 104.36376999999999, 1
365.97270000000003, 106.78592, 1
367.64824999999996, 109.24806000000001, 1
369.50329999999997, 111.6978, 1
371.52284999999995, 114.08304000000001, 1
373.68634999999995, 116.35298, 1
375.96759999999995, 118.45922999999999, 1
378.33555, 120.35673499999999, 1
380.7549, 122.00482, 1
383.18665, 123.36789999999999, 1
385.58900000000006, 124.41627500000001, 1
387.91845, 125.12665000000001, 1
390.13075000000003, 125.48256, 1
392.1816, 125.474775, 1
394.02784999999994, 125.10129, 1
395.62879999999996, 124.36731, 1
396.94669999999996, 123.2852, 1
397.948, 121.87396000000001, 1
398.60415, 120.158815, 1
398.89194999999995, 118.17067, 1
398.79510000000005, 115.94522, 1
398.30364999999995, 113.52225000000001, 1
397.41504999999995, 110.94461000000001, 1
396.13415, 108.25734, 1
394.4732, 105.50653, 1
392.45185000000004, 102.73835, 1
390.09675000000004, 99.99806000000001, 1
387.44129999999996, 97.32894999999999, 1
384.5248, 94.77141, 1
381.3922, 92.36206000000001, 1
378.09275, 90.133065, 1
374.67949999999996, 88.111305, 1
371.20799999999997, 86.318015, 1
367.73530000000005, 84.76828, 1
364.3189, 83.47081, 1
361.0157, 82.42788, 1
357.88055, 81.63533, 1
354.965425, 81.082785, 1
352.3184, 80.75405, 1
349.9825, 80.627525, 1
347.99505, 80.67688, 1
346.38675, 80.87174, 1
345.1812, 81.178545, 1
344.39438, 81.56138, 1
344.03435, 81.982985, 1
344.10115, 82.40568, 1
344.58665, 82.792365, 1
345.475065, 83.10753, 1
346.74298, 83.31809, 1
348.360075, 83.39437, 1
350.28965, 83.3108, 1
352.48945, 83.046645, 1
354.91255, 82.5866, 1
357.5083, 81.921195, 1
360.2235, 81.047135, 1
363.00340000000006, 79.96742, 1
365.79269999999997, 78.691405, 1
368.53700000000003, 77.2346, 1
371.18359999999996, 75.618385, 1
373.68269999999995, 73.86959, 1
375.98839999999996, 72.01992, 1
378.05954999999994, 70.10521, 1
379.8605, 68.16468, 1
381.36170000000004, 66.240015, 1
382.54049999999995, 64.3744, 1
383.38135, 62.61152, 1
383.87559999999996, 60.994535, 1
384.02239999999995, 59.565065000000004, 1
383.8279, 58.362120000000004, 1
383.30525, 57.42121, 1
382.4741, 56.77342, 1
381.3601, 56.44461, 1
379.99424999999997, 56.454710000000006, 1
378.4121, 56.817175000000006, 1
376.65265, 57.538520000000005, 1
374.75765, 58.618075000000005, 1
372.77049999999997, 60.047815, 1
370.7354, 61.812439999999995, 1
368.69590000000005, 63.88951, 1
366.69435, 66.249865, 1
364.77049999999997, 68.85808, 1
362.96105, 71.6731, 1
361.298585, 74.64907, 1
359.81082, 77.736135, 1
358.52017, 80.881485, 1
357.443175, 84.03035, 1
356.59025, 87.12713, 1
355.9655, 90.11648, 1
355.56677, 92.94447500000001, 1
355.38565, 95.55969999999999, 1
355.40793, 97.91421500000001, 1
355.6139, 99.96472, 1
355.978975, 101.67328, 1
356.47435, 103.00820999999999, 1
357.0678, 103.94463999999999, 1
357.72455, 104.46512000000001, 1
358.40805, 104.559965, 1
359.081175, 104.22741500000001, 1
359.70703, 103.47368, 1
360.24995, 102.312835, 1
360.67642, 100.76653999999999, 1
360.95605, 98.86355, 1
361.06235, 96.63913, 1
360.9734, 94.13434000000001, 1
360.672425, 91.395185, 1
360.1485, 88.471665, 1
359.396665, 85.416755, 1
358.41825, 82.285295, 1
357.220915, 79.132905, 1
355.818575, 76.01486, 1
354.23108, 72.98496, 1
352.48385, 70.09448, 1
350.607485, 67.39115, 1
348.63687, 64.91823, 1
346.61055, 62.7137, 1
344.5699, 60.80955, 1
342.55805, 59.231215000000006, 1
340.61905, 57.997159999999994, 1
338.7967, 57.118635, 1
337.13365, 56.599525, 1
335.670225, 56.436449999999994, 1
334.44365, 56.61893499999999, 1
333.487, 57.129850000000005, 1
332.82835, 57.945859999999996, 1
332.49002, 59.038070000000005, 1
332.48815, 60.372820000000004, 1
332.83203, 61.912515, 1
333.523775, 63.616550000000004, 1
334.5583, 65.44232, 1
335.9231, 67.34623, 1
337.59845, 69.28475, 1
339.5579, 71.215395, 1
341.76835, 73.097755, 1
344.19105, 74.894385, 1
346.78195, 76.57167, 1
349.49292, 78.100565, 1
352.2724, 79.457205, 1
355.0666, 80.62346, 1
357.82045, 81.587225, 1
360.47888, 82.34272, 1
362.9878, 82.89045, 1
365.2953, 83.237205, 1
367.35265000000004, 83.39578, 1
369.11555, 83.384565, 1
370.54470000000003, 83.22709, 1
371.60675000000003, 82.9513, 1
372.27535, 82.5889, 1
372.53115, 82.174425, 1
372.36265000000003, 81.7444, 1
371.7664, 81.336365, 1
370.74685, 80.987885, 1
369.3165, 80.73558, 1
367.49564999999996, 80.61415, 1
365.312, 80.655485, 1
362.79994999999997, 80.887785, 1
360.00012, 81.3348, 1
356.958525, 82.015175, 1
353.7255, 82.941885, 1
350.354765, 84.121855, 1
346.9025, 85.555655, 1
343.42595, 87.237405, 1
339.982575, 89.154785, 1
336.628725, 91.28925000000001, 1
333.4186, 93.6163, 1
330.40332, 96.10603499999999, 1
327.62973, 98.723725, 1
325.1397, 101.43051, 1
322.96933, 104.18428, 1
321.148315, 106.94051999999999, 1
319.69937, 109.653335, 1
318.638, 112.276475, 1
317.97232, 114.76429999999999, 1
317.70295, 117.0729, 1
317.82325, 119.16104000000001, 1
318.3195, 120.99109999999999, 1
319.1715, 122.53, 1
320.353025, 123.74992499999999, 1
321.83252, 124.629075, 1
323.57405, 125.15216000000001, 1
325.537935, 125.31079, 1
327.68205, 125.10379, 1
329.9625, 124.53725, 1
332.33485, 123.62450000000001, 1
334.75505, 122.385865, 1
337.18048, 120.84833, 1
339.57083, 119.044985, 1
341.88907, 117.01438999999999, 1
344.1021, 114.79979, 1
346.18158, 112.44824, 1
348.10437, 110.00966, 1
349.853025, 107.535675, 1
351.416, 105.07875000000001, 1
352.78787, 102.69088500000001, 1
353.9692, 100.42264, 1
354.966585, 98.322, 1
355.792085, 96.43343999999999, 1
356.4629, 94.7969, 1
357.0008, 93.44697500000001, 1
357.43155, 92.41215, 1
357.78385, 91.71426500000001, 1
358.088775, 91.36793499999999, 1
132.27960000000002, 172.05255, 0
132.15683, 172.3954, 0
131.98669999999998, 172.73448, 0
131.76875, 173.06357, 0
131.50324999999998, 173.37631, 0
131.19125000000003, 173.66632, 0
130.83478000000002, 173.92726, 0
130.43650000000002, 174.15295, 0
130.0, 174.3375, 0
352.5506, 183.0808, 0
349.454775, 182.175825, 0
346.4454, 180.94035, 0
343.55783, 179.3826, 0
340.82663, 177.5146, 0
338.28525, 175.35211, 0
335.965485, 172.914475, 0
333.8972, 170.2245, 0
332.1078, 167.30821, 0
330.62207, 164.19465, 0
329.4618, 160.91556, 0
328.645325, 157.505065, 0
328.1875, 153.99933, 0
328.0993, 150.4362, 0
328.387725, 146.854765, 0
329.0556, 143.295, 0
330.10153, 139.79715, 0
331.51985, 136.4015, 0
333.3005, 133.1478, 0
335.42925, 130.07477, 0
337.88775, 127.21974, 0
340.6536, 124.618165, 0
343.7005, 122.30317500000001, 0
346.99872, 120.30516, 0
350.51515, 118.65143, 0
354.213685, 117.365815, 0
358.05575, 116.46834000000001, 0
362.0005, 115.97498999999999, 0
366.00525000000005, 115.89743000000001, 0
370.02599999999995, 116.24276499999999, 0
374.01805, 117.01353499999999, 0
377.93629999999996, 118.20746, 0
381.73569999999995, 119.81745000000001, 0
385.37204999999994, 121.83166499999999, 0
388.80224999999996, 124.23355000000001, 0
391.98485000000005, 127.001925, 0
394.88059999999996, 130.111175, 0
397.45304999999996, 133.5315, 0
399.66864999999996, 137.229125, 0
401.49744999999996, 141.16675, 0
402.9135, 145.30377, 0
403.89509999999996, 149.59683, 0
404.42499999999995, 154.00017, 0
404.66645000000005, 156.23625, 0
404.79010000000005, 158.49765, 0
404.79404999999997, 160.77817, 0
404.67650000000003, 163.07147, 0
404.43629999999996, 165.3711, 0
404.07225000000005, 167.67047, 0
403.58385, 169.96295, 0
402.97085000000004, 172.241835, 0
402.2332, 174.500335, 0
401.37145, 176.73166, 0
400.38635, 178.929015, 0
399.27914999999996, 181.085585, 0
398.05145000000005, 183.194625, 0
396.7051, 185.24942, 0
395.24244999999996, 187.243315, 0
393.66615, 189.169785, 0
391.97925, 191.022385, 0
390.1852, 192.79483, 0
388.2877, 194.48095, 0
386.29094999999995, 196.074815, 0
384.19935, 197.57062, 0
382.0177, 198.9628, 0
379.75120000000004, 200.246035, 0
377.40515000000005, 201.41522, 0
374.98524999999995, 202.46559, 0
372.4977, 203.39261, 0
369.94849999999997, 204.19203, 0
367.34450000000004, 204.85997, 0
364.69219999999996, 205.39287, 0
361.99878, 205.7875, 0
359.2714, 206.041015, 0
356.5174, 206.15094, 0
353.744415, 206.115175, 0
350.960085, 205.932, 0
348.17227, 205.60019, 0
345.388915, 205.118835, 0
342.61805, 204.48749, 0
339.867675, 203.70615, 0
337.146, 202.77519, 0
334.46105, 201.695525, 0
331.821, 200.468415, 0
329.23395, 199.09561, 0
326.7079, 197.57927, 0
324.25073, 195.92205, 0
321.87035, 194.12697, 0
319.5744, 192.19755, 0
317.370485, 190.1377, 0
315.26593, 187.951765, 0
313.267885, 185.6445, 0
311.38335, 183.22107, 0
130.0005, 131.97499, 0
134.00522, 131.89743, 0
138.026, 132.242765, 0
142.01806499999998, 133.013535, 0
145.93630000000002, 134.20746, 0
149.73575, 135.81745, 0
153.37213000000003, 137.831665, 0
156.8023, 140.233565, 0
159.98485, 143.00194, 0
162.88065, 146.111175, 0
165.45305000000002, 149.5315, 0
167.66865, 153.229125, 0
169.49745000000001, 157.16675, 0
170.9135, 161.30377, 0
171.89508, 165.59683, 0
172.425, 170.00017, 0
172.66645, 172.23625, 0
172.7901, 174.49765, 0
172.79405000000003, 176.77817, 0